eyes = 4.069867675, 3.255803372, 3.401559203, 3.972318422, 5.84654025, 5.973438875, 5.76, 6.014777429, 4.352259215, 6.422405705, 7.886094952, 8.191438763, 8.95922995, 8.53202017, 10.398688984, 10.735127957, 10.73320996, 9.598265202, 8.13489603, 3.662604043, 3.18877551
big = 5.44177658, 14.549899033, 11.035525541, 14.111455577, 4.111687477, 12.072680264
small = 0.382612392, 2.546401086, 0.370510397, 0.533534972, 