eyes = 4.069867675, 3.255803372, 3.401559203, 3.972318422
big = 5.44177658, 14.549899033, 11.035525541, 14.111455577, 4.111687477, 12.072680264
small = 0.382612392, 2.546401086, 0.370510397